%YAML:1.0
---
depthShift: 3.8105411424479932e+01
