%YAML:1.0
---
rotation: !!opencv-matrix
   rows: 3
   cols: 3
   dt: d
   data: [ 9.9989160340903460e-01, -8.4483496280282639e-03,
       1.2058475055846035e-02, 8.2903858676435221e-03,
       9.9987995050836120e-01, 1.3090228170770284e-02,
       -1.2167618266342963e-02, -1.2988839823473304e-02,
       9.9984160700871250e-01 ]
translation: !!opencv-matrix
   rows: 3
   cols: 1
   dt: d
   data: [ -5.0432964248094694e-02, 1.7517804971798224e-03,
       -2.9311594779752138e-02 ]
essential: !!opencv-matrix
   rows: 3
   cols: 3
   dt: d
   data: [ 2.2168943474404221e-04, 2.9285322341415954e-02,
       2.1351984911429098e-03, -2.9922066559813193e-02,
       -4.0743109358702353e-04, 5.0071522885529234e-02,
       -2.1696993442115835e-03, -5.0412110142263142e-02,
       -6.8130281076442018e-04 ]
fundamental: !!opencv-matrix
   rows: 3
   cols: 3
   dt: d
   data: [ 8.2626317643333779e-08, 1.0917221701797853e-05,
       -1.9794862755071487e-03, -1.1139926979057815e-05,
       -1.5171679092885756e-07, 1.0148454005457028e-02,
       4.8529784679415969e-03, -3.1010646009100154e-02, 1. ]
