%YAML:1.0
---
cameraMatrix: !!opencv-matrix
   rows: 3
   cols: 3
   dt: d
   data: [ 1.1089259188127603e+03, 0., 9.3887642550085775e+02, 0.,
       1.1101589821373841e+03, 5.2310153064106919e+02, 0., 0., 1. ]
distortionCoefficients: !!opencv-matrix
   rows: 1
   cols: 5
   dt: d
   data: [ 1.1892075056428071e-01, -1.8702115236441663e-01,
       -5.1826177058564319e-03, -1.7273541878000719e-03,
       9.6512257403881016e-02 ]
rotation: !!opencv-matrix
   rows: 3
   cols: 3
   dt: d
   data: [ 1., 0., 0., 0., 1., 0., 0., 0., 1. ]
projection: !!opencv-matrix
   rows: 4
   cols: 4
   dt: d
   data: [ 1.1089259188127603e+03, 0., 9.3887642550085775e+02, 0., 0.,
       1.1101589821373841e+03, 5.2310153064106919e+02, 0., 0., 0., 1.,
       0., 0., 0., 0., 1. ]
