%YAML:1.0
---
cameraMatrix: !!opencv-matrix
   rows: 3
   cols: 3
   dt: d
   data: [ 3.9012715015396316e+02, 0., 2.5532991282594460e+02, 0.,
       3.9004746193684889e+02, 2.0782375524090645e+02, 0., 0., 1. ]
distortionCoefficients: !!opencv-matrix
   rows: 1
   cols: 5
   dt: d
   data: [ 1.6168237338888153e-01, -3.3242019029043351e-01,
       2.2658843525315948e-03, -4.9105727625622800e-04,
       5.8949773822724524e-02 ]
rotation: !!opencv-matrix
   rows: 3
   cols: 3
   dt: d
   data: [ 1., 0., 0., 0., 1., 0., 0., 0., 1. ]
projection: !!opencv-matrix
   rows: 4
   cols: 4
   dt: d
   data: [ 3.9012715015396316e+02, 0., 2.5532991282594460e+02, 0., 0.,
       3.9004746193684889e+02, 2.0782375524090645e+02, 0., 0., 0., 1.,
       0., 0., 0., 0., 1. ]
