%YAML:1.0
---
cameraMatrix: !!opencv-matrix
   rows: 3
   cols: 3
   dt: d
   data: [ 1.0661725805263454e+03, 0., 9.6128797775086298e+02, 0.,
       1.0698553128894634e+03, 5.4732782922440526e+02, 0., 0., 1. ]
distortionCoefficients: !!opencv-matrix
   rows: 1
   cols: 5
   dt: d
   data: [ 7.8806348904997173e-02, -1.4799648995981549e-01,
       -6.2104927323782216e-04, -1.0842158674680457e-03,
       7.2764563048752048e-02 ]
rotation: !!opencv-matrix
   rows: 3
   cols: 3
   dt: d
   data: [ 1., 0., 0., 0., 1., 0., 0., 0., 1. ]
projection: !!opencv-matrix
   rows: 4
   cols: 4
   dt: d
   data: [ 1.0661725805263454e+03, 0., 9.6128797775086298e+02, 0., 0.,
       1.0698553128894634e+03, 5.4732782922440526e+02, 0., 0., 0., 1.,
       0., 0., 0., 0., 1. ]
