%YAML:1.0
---
rotation: !!opencv-matrix
   rows: 3
   cols: 3
   dt: d
   data: [ 9.9984702179581586e-01, -1.5160930727419624e-02,
       -8.7223383055024285e-03, 1.5127933828044289e-02,
       9.9987820542183969e-01, -3.8366574639497782e-03,
       8.7794432700237166e-03, 3.7041195822694207e-03,
       9.9995459940638742e-01 ]
translation: !!opencv-matrix
   rows: 3
   cols: 1
   dt: d
   data: [ -5.0548178141899984e-02, -9.7536023191394005e-05,
       2.4709500271610750e-03 ]
essential: !!opencv-matrix
   rows: 3
   cols: 3
   dt: d
   data: [ -3.8236680485689544e-05, -2.4710103639383417e-03,
       -8.8051406133288066e-05, 2.9143568880631550e-03,
       1.4977459431075011e-04, 5.0524330762533418e-02,
       -6.6716839175313470e-04, -5.0543500384757453e-02,
       1.9308530276593495e-04 ]
fundamental: !!opencv-matrix
   rows: 3
   cols: 3
   dt: d
   data: [ -3.2111888829586921e-08, -2.0657371946577914e-06,
       4.0075490074818271e-04, 2.4391070696463249e-06,
       1.2477888939218208e-07, 1.4562525719066625e-02,
       -1.9014996031524733e-03, -4.3132374347655676e-02, 1. ]
