%YAML:1.0
---
depthShift: -1.6995849785763191e+01
