%YAML:1.0
---
cameraMatrix: !!opencv-matrix
   rows: 3
   cols: 3
   dt: d
   data: [ 3.5954389368371773e+02, 0., 2.5236569943077541e+02, 0.,
       3.6119113670448940e+02, 2.0294848779522911e+02, 0., 0., 1. ]
distortionCoefficients: !!opencv-matrix
   rows: 1
   cols: 5
   dt: d
   data: [ 9.3502924305592247e-02, -2.8461097981274580e-01,
       -3.2928773922209938e-04, -3.5352658152017101e-03,
       1.1653764542791122e-01 ]
rotation: !!opencv-matrix
   rows: 3
   cols: 3
   dt: d
   data: [ 1., 0., 0., 0., 1., 0., 0., 0., 1. ]
projection: !!opencv-matrix
   rows: 4
   cols: 4
   dt: d
   data: [ 3.5954389368371773e+02, 0., 2.5236569943077541e+02, 0., 0.,
       3.6119113670448940e+02, 2.0294848779522911e+02, 0., 0., 0., 1.,
       0., 0., 0., 0., 1. ]
